[?25l[0m [38;2;0;0;0m                                                           [0m
 [38;2;0;0;0m                                                           [0m
 [38;2;0;0;0m                         [38;2;26;23;26m▁[38;2;34;34;38m▁[0m [38;2;2;2;2m                               [0m
 [38;2;0;0;0m                   [0m [7m[38;2;35;33;36m▀[0m[38;2;37;30;40m▆[7m[38;2;41;28;38m▔[0m[38;2;175;119;81;48;2;43;35;42m▂[38;2;164;86;60;48;2;46;33;44m▃[38;2;210;137;87;48;2;57;48;51m▃[38;2;160;86;53;48;2;53;42;48m▂[0m[38;2;181;131;101m▅[0m [38;2;75;65;53m                              [0m
 [38;2;0;0;0m                 [38;2;27;22;26m▅[38;2;41;26;36m▆[38;2;78;44;46;48;2;39;30;42m▁[38;2;179;112;86;48;2;43;29;36m▂[38;2;171;96;66;48;2;56;35;44m▅[38;2;210;112;74;48;2;73;29;34m▆[38;2;223;122;76;48;2;194;90;55m▝[38;2;204;93;58;48;2;220;116;67m▆[38;2;209;112;61;48;2;199;92;57m▔[38;2;231;136;84;48;2;199;95;54m▘[38;2;212;121;80;48;2;174;77;53m▝[38;2;137;113;90;48;2;192;131;100m▔[0m[7m[38;2;193;177;151m▀[0m[38;2;137;127;113m▂[38;2;52;48;39m▁[0m [38;2;16;15;14m                          [0m
 [38;2;0;0;0m               [0m [38;2;27;22;26m▃[38;2;26;19;24;48;2;38;27;34m▏[38;2;148;80;64;48;2;48;29;37m▗[38;2;60;29;28;48;2;197;110;69m▘[38;2;194;89;57;48;2;219;113;77m▆[38;2;188;81;54;48;2;202;93;62m▂[38;2;186;81;55;48;2;207;100;65m▆[38;2;175;76;56;48;2;204;92;59m▃[38;2;184;83;62;48;2;175;75;55m▍[38;2;176;76;56;48;2;199;89;62m▅[38;2;112;60;45;48;2;168;75;54m▗[38;2;238;225;199;48;2;151;83;65m▂[38;2;139;92;70;48;2;237;220;188m▘[38;2;252;245;210;48;2;242;229;188m▃[38;2;246;225;191;48;2;246;237;204m▝[38;2;120;89;77;48;2;230;220;186m▂[38;2;108;100;84;48;2;201;159;116m▔[0m[7m[38;2;209;149;97m▔[0m[38;2;229;155;79m▅[38;2;211;139;74m▅[7m[38;2;192;137;83m▀[0m[38;2;181;149;109m▂[38;2;58;51;43m▁                    [0m
 [38;2;0;0;0m               [0m [38;2;30;25;29m▀[38;2;47;24;32;48;2;112;49;38m▊[38;2;217;129;78;48;2;171;77;61m▀[38;2;171;79;52;48;2;195;89;56m▂[38;2;178;75;54;48;2;196;92;62m▅[38;2;166;70;56;48;2;171;76;54m▁[38;2;178;89;47;48;2;168;72;52m▁[38;2;242;154;82;48;2;166;76;50m▂[38;2;173;78;46;48;2;245;155;84m▀[38;2;214;127;78;48;2;154;91;68m▍[38;2;127;83;68;48;2;242;234;216m▘[38;2;254;254;248;48;2;252;248;223m▃[38;2;252;251;247;48;2;251;249;217m▅[38;2;111;89;81;48;2;238;239;228m▗[38;2;150;94;63;48;2;208;152;111m▞[38;2;150;88;60;48;2;241;146;69m▔[38;2;251;144;57;48;2;250;148;64m▔[38;2;241;160;86;48;2;248;154;69m▔[38;2;247;165;83;48;2;249;194;118m▆[38;2;251;199;138;48;2;245;172;96m▝[38;2;253;217;156;48;2;244;188;118m▁[38;2;251;217;161;48;2;246;168;83m▃[38;2;184;157;127;48;2;243;192;129m▔[0m[38;2;223;190;143m▆[7m[38;2;176;148;119m▀[0m[38;2;62;50;42m▂[0m [38;2;2;2;2m                [0m
 [38;2;0;0;0m            [38;2;24;24;27m▂[38;2;38;38;42m▂[0m [38;2;11;11;11m [0m [38;2;35;22;27m▀[38;2;167;74;59;48;2;77;34;36m▝[38;2;131;53;34;48;2;165;74;52m▂[38;2;236;148;77;48;2;166;75;49m▂[38;2;246;162;79;48;2;169;79;51m▅[38;2;226;139;79;48;2;249;166;79m▔[38;2;248;166;85;48;2;250;167;77m▃[38;2;147;87;57;48;2;244;164;85m▗[38;2;127;82;58;48;2;222;212;211m▘[38;2;253;254;253;48;2;253;251;249m▅[38;2;254;254;252;48;2;254;254;253m▔[38;2;123;100;89;48;2;243;242;242m▗[38;2;115;77;65;48;2;225;137;71m▘[38;2;250;152;75;48;2;249;149;61m▔[38;2;248;157;67;48;2;251;148;64m▂[38;2;250;149;68;48;2;251;164;82m▀[38;2;247;186;108;48;2;249;167;82m▂[38;2;247;168;85;48;2;247;159;75m▎[38;2;167;100;49;48;2;243;152;71m▁[38;2;244;179;114;48;2;140;107;90m▀[38;2;155;112;73;48;2;206;186;167m▝[38;2;244;244;244;48;2;137;102;80m▅[38;2;251;251;251;48;2;115;99;88m▆[38;2;123;111;106;48;2;250;251;249m▔[38;2;138;135;137;48;2;250;251;251m▔[0m[38;2;222;222;222m▆[38;2;153;153;153m▃[0m [38;2;10;9;10m              [0m
 [38;2;0;0;0m          [0m [38;2;33;24;32m▂[38;2;58;31;32;48;2;34;25;32m▁[38;2;196;135;76;48;2;60;35;45m▃[38;2;171;88;65;48;2;49;33;35m▅[0m[38;2;146;146;138m▅[7m[38;2;227;228;207m▀[0m[38;2;161;134;121m▅[38;2;219;107;63;48;2;90;37;28m▅[38;2;175;84;54;48;2;241;154;79m▔[38;2;248;167;81;48;2;248;168;76m▔[38;2;241;184;110;48;2;245;169;83m▗[38;2;244;185;107;48;2;247;169;84m▎[38;2;137;96;68;48;2;239;159;86m▗[38;2;142;89;58;48;2;222;214;210m▘[38;2;252;250;236;48;2;252;250;249m▁[38;2;250;249;226;48;2;253;253;250m▂[38;2;250;250;233;48;2;252;253;250m▂[38;2;221;218;217;48;2;132;74;54m▍[38;2;243;118;59;48;2;244;146;67m▃[38;2;243;123;53;48;2;251;147;62m▂[38;2;249;164;74;48;2;249;146;67m▀[38;2;251;148;67;48;2;248;161;78m▆[38;2;144;94;54;48;2;239;147;74m▗[38;2;153;109;80;48;2;223;176;138m▞[38;2;235;232;204;48;2;120;86;71m▆[38;2;232;238;239;48;2;251;248;225m▔[38;2;251;249;229;48;2;253;252;247m▖[38;2;250;249;249;48;2;252;253;253m▁[38;2;203;199;196;48;2;251;252;251m▁[38;2;156;97;75;48;2;244;243;241m▂[38;2;249;246;248;48;2;185;115;79m▀[38;2;184;116;76;48;2;249;248;248m▅[38;2;200;164;139;48;2;202;165;137m▕[0m[7m[38;2;187;144;115m▝[0m[38;2;160;119;89m▖[0m [38;2;12;10;8m            [0m
 [38;2;0;0;0m       [38;2;24;20;25m▁[38;2;32;26;36m▃[38;2;34;28;39m▅[38;2;89;39;34;48;2;39;24;37m▁[38;2;157;84;64;48;2;57;32;36m▂[38;2;179;91;71;48;2;88;42;36m▆[38;2;220;136;82;48;2;183;81;54m▔[38;2;191;95;65;48;2;143;80;66m▘[38;2;129;129;123;48;2;223;229;205m▘[38;2;228;212;188;48;2;247;245;218m▕[38;2;144;69;43;48;2;207;137;106m▞[38;2;250;160;77;48;2;244;128;66m▝[38;2;241;131;59;48;2;250;161;77m▂[38;2;249;149;70;48;2;246;165;76m▂[38;2;249;145;63;48;2;250;157;72m▂[38;2;148;111;81;48;2;232;149;83m▗[38;2;141;105;82;48;2;240;233;215m▘[38;2;251;250;242;48;2;252;247;221m▘[38;2;245;243;212;48;2;251;248;219m▁[38;2;238;240;214;48;2;250;249;211m▁[38;2;217;227;212;48;2;246;245;217m▁[38;2;233;232;225;48;2;120;75;62m▍[38;2;226;116;71;48;2;245;117;61m▖[38;2;249;116;57;48;2;246;129;62m▋[38;2;184;95;53;48;2;245;136;67m▁[38;2;146;97;71;48;2;226;173;131m▞[38;2;146;126;109;48;2;242;238;211m▘[38;2;250;247;207;48;2;251;248;213m▝[38;2;252;248;215;48;2;252;247;217m▎[38;2;198;194;179;48;2;248;247;224m▁[38;2;118;73;75;48;2;239;237;231m▃[38;2;163;92;71;48;2;239;235;233m▆[38;2;208;95;59;48;2;180;98;68m▃[38;2;208;91;52;48;2;236;119;68m▃[38;2;249;137;66;48;2;225;106;52m▀[38;2;250;145;65;48;2;245;124;60m▀[38;2;249;137;64;48;2;250;149;68m▂[38;2;251;159;73;48;2;250;151;70m▐[38;2;230;159;91;48;2;249;158;72m▔[0m[7m[38;2;214;143;85m▝[0m[38;2;133;108;83m▖[0m [38;2;6;5;5m          [0m
 [38;2;0;0;0m    [0m [38;2;27;24;28m▁[38;2;31;23;32m▃[7m[38;2;38;25;38m▘[0m[38;2;135;84;63;48;2;49;26;35m▁[38;2;190;97;61;48;2;69;37;35m▃[38;2;136;64;46;48;2;191;86;60m▔[38;2;169;72;49;48;2;208;93;55m▃[38;2;172;76;54;48;2;200;88;60m▂[38;2;94;57;54;48;2;155;74;58m▗[38;2;103;68;60;48;2;187;196;184m▘[38;2;205;220;201;48;2;248;248;218m▁[38;2;225;224;200;48;2;118;71;52m▋[38;2;147;63;37;48;2;223;105;63m▏[38;2;219;98;62;48;2;244;114;59m▁[38;2;220;98;56;48;2;242;114;58m▂[38;2;247;131;69;48;2;215;96;54m▀[38;2;112;51;38;48;2;225;108;65m▗[38;2;131;89;64;48;2;214;216;195m▘[38;2;239;246;221;48;2;248;245;214m▁[38;2;237;236;207;48;2;250;246;215m▖[38;2;241;239;207;48;2;249;247;216m▔[38;2;216;228;207;48;2;241;243;220m▁[38;2;210;231;225;48;2;188;210;200m▝[38;2;154;173;171;48;2;96;55;50m▍[38;2;177;78;54;48;2;226;109;62m▅[38;2;122;73;54;48;2;213;99;64m▗[38;2;167;120;95;48;2;226;219;192m▀[38;2;244;236;219;48;2;250;248;216m▔[38;2;249;245;216;48;2;252;246;216m▂[38;2;251;248;216;48;2;249;248;213m▎[38;2;88;55;47;48;2;231;226;202m▗[38;2;142;128;119;48;2;149;77;60m▔[38;2;163;73;48;48;2;193;86;56m▖[38;2;234;117;65;48;2;173;78;51m▆[38;2;246;115;61;48;2;199;85;50m▆[38;2;234;112;65;48;2;207;93;54m▅[38;2;229;110;64;48;2;210;94;53m▖[38;2;230;105;56;48;2;243;114;64m▘[38;2;246;119;55;48;2;253;139;65m▊[38;2;254;147;67;48;2;251;148;63m▍[38;2;252;147;63;48;2;248;149;65m▝[38;2;247;150;66;48;2;251;147;65m▕[38;2;183;136;91;48;2;242;151;76m▔[0m[7m[38;2;189;108;63m▔[0m[38;2;223;112;66m▆[7m[38;2;188;93;65m▀[0m [38;2;32;17;12m       [0m
 [38;2;0;0;0m    [0m [7m[38;2;34;27;34m▍[0m[38;2;53;30;33;48;2;39;27;37m▕[38;2;202;127;86;48;2;84;45;44m▃[38;2;172;101;74;48;2;213;117;73m▘[38;2;193;96;65;48;2;232;136;79m▅[38;2;225;123;78;48;2;180;87;61m▀[38;2;153;71;54;48;2;207;103;71m▃[38;2;181;80;56;48;2;142;66;57m▘[38;2;88;55;57;48;2;149;168;166m▊[38;2;162;202;194;48;2;167;203;196m▞[38;2;202;226;212;48;2;166;202;198m▔[38;2;162;189;180;48;2;98;55;49m▍[38;2;89;33;28;48;2;198;94;68m▗[38;2;62;30;32;48;2;208;90;60m▅[38;2;191;84;56;48;2;45;26;33m▀[38;2;206;92;62;48;2;68;32;32m▀[38;2;97;51;42;48;2;132;138;141m▊[38;2;151;178;175;48;2;168;202;196m▁[38;2;217;233;213;48;2;166;203;194m▔[38;2;164;201;192;48;2;219;236;219m▆[38;2;234;249;225;48;2;170;205;194m▔[38;2;183;205;189;48;2;164;200;197m▔[38;2;93;51;43;48;2;140;162;159m▗[38;2;78;44;41;48;2;163;75;60m▘[38;2;113;60;52;48;2;166;75;58m▗[38;2;114;76;70;48;2;227;220;196m▘[38;2;250;249;209;48;2;251;246;214m▖[38;2;237;236;214;48;2;249;247;227m▂[38;2;228;228;205;48;2;240;240;221m▝[38;2;103;64;53;48;2;232;227;206m▗[38;2;82;52;42;48;2;174;85;63m▘[38;2;158;63;42;48;2;170;78;56m▞[38;2;187;81;53;48;2;226;111;71m▆[38;2;42;9;12;48;2;192;93;61m▗[38;2;189;126;105;48;2;80;54;58m▘[38;2;52;19;27;48;2;167;75;50m▅[38;2;164;75;62;48;2;207;96;60m▖[38;2;201;86;47;48;2;232;108;60m▖[38;2;253;142;64;48;2;245;119;57m▐[38;2;246;141;64;48;2;236;125;59m▋[38;2;233;122;54;48;2;249;141;67m▎[38;2;252;147;67;48;2;251;148;65m▎[38;2;252;148;63;48;2;249;148;69m▞[38;2;227;147;84;48;2;247;151;72m▕[38;2;193;129;85;48;2;131;96;79m▋[38;2;68;32;34;48;2;138;73;58m▆[0m[7m[38;2;139;71;56m▐[0m[38;2;11;7;6m       [0m
 [38;2;0;0;0m   [38;2;26;23;27m▗[38;2;33;26;34m▅[38;2;32;24;31;48;2;38;27;38m▀[38;2;134;84;64;48;2;41;24;30m▗[38;2;140;77;57;48;2;206;127;81m▘[38;2;195;104;68;48;2;235;140;85m▀[38;2;199;107;69;48;2;220;124;81m▀[38;2;189;95;68;48;2;221;122;88m▆[38;2;172;80;63;48;2;152;71;58m▘[38;2;106;47;51;48;2;132;65;61m▗[38;2;61;38;45;48;2;155;181;181m▋[38;2;146;188;183;48;2;162;203;196m▁[38;2;129;150;151;48;2;163;199;193m▁[38;2;143;162;159;48;2;57;47;54m▘[38;2;123;62;56;48;2;49;27;38m▘[38;2;42;24;38;48;2;37;27;39m▘[38;2;72;31;21;48;2;42;25;36m▁[38;2;194;105;71;48;2;45;27;36m▃[38;2;219;129;77;48;2;42;27;37m▃[38;2;209;142;82;48;2;55;47;58m▃[38;2;101;76;64;48;2;154;184;181m▅[38;2;107;99;92;48;2;159;196;192m▂[38;2;112;122;121;48;2;157;185;184m▁[38;2;130;150;150;48;2;98;56;51m▘[38;2;118;54;47;48;2;166;75;57m▔[38;2;167;77;51;48;2;165;77;62m▋[38;2;120;72;64;48;2;221;215;194m▋[38;2;250;245;215;48;2;250;248;214m▘[38;2;250;249;214;48;2;251;248;215m▔[38;2;251;248;217;48;2;252;247;215m▔[38;2;252;246;222;48;2;253;246;215m▕[38;2;216;213;199;48;2;123;63;50m▎[38;2;229;108;62;48;2;204;94;63m▆[38;2;211;96;49;48;2;161;68;45m▖[38;2;168;73;52;48;2;193;86;58m▖[38;2;206;95;59;48;2;118;50;39m▆[38;2;207;98;60;48;2;32;9;17m▅[38;2;219;101;60;48;2;73;29;31m▅[38;2;222;101;57;48;2;189;82;58m▅[38;2;210;94;51;48;2;243;127;62m▘[38;2;254;142;64;48;2;251;148;64m▘[38;2;250;149;61;48;2;249;149;68m▃[38;2;246;150;73;48;2;249;149;66m▁[38;2;226;145;80;48;2;250;148;67m▁[38;2;200;138;76;48;2;246;149;67m▁[38;2;202;135;75;48;2;248;149;68m▁[38;2;240;168;100;48;2;242;152;75m▕[38;2;207;149;105;48;2;133;89;72m▋[0m[38;2;77;42;35m▘       [0m
 [38;2;0;0;0m   [0m [7m[38;2;24;17;24m▖[0m[38;2;25;11;24;48;2;40;28;40m▆[38;2;171;101;74;48;2;58;26;26m▐[38;2;179;89;61;48;2;205;121;74m▀[38;2;156;77;49;48;2;185;97;68m▂[38;2;163;78;57;48;2;144;66;50m▖[38;2;115;46;42;48;2;142;65;55m▃[38;2;134;64;60;48;2;103;45;49m▀[38;2;115;53;52;48;2;99;43;49m▘[38;2;71;81;86;48;2;77;37;45m▝[38;2;77;96;98;48;2;124;167;167m▖[38;2;110;129;131;48;2;145;183;181m▕[38;2;103;120;122;48;2;39;29;39m▖[38;2;41;25;41;48;2;41;26;35m▀[38;2;37;26;43;48;2;51;25;27m▊[38;2;97;53;38;48;2;205;130;87m▎[38;2;224;134;79;48;2;200;105;59m▆[38;2;224;109;61;48;2;234;143;81m▀[38;2;226;119;70;48;2;246;147;72m▆[38;2;218;114;60;48;2;245;150;78m▃[38;2;134;87;64;48;2;226;136;77m▔[38;2;89;55;52;48;2;206;120;77m▀[38;2;154;76;50;48;2;101;44;44m▁[38;2;96;38;39;48;2;132;59;48m▅[38;2;116;50;51;48;2;163;73;58m▂[38;2;164;155;137;48;2;124;62;53m▝[38;2;150;139;121;48;2;243;240;212m▏[38;2;251;248;216;48;2;252;248;214m▂[38;2;250;240;202m▂[38;2;245;234;195;48;2;250;246;213m▖[38;2;204;204;190;48;2;116;60;50m▎[38;2;218;98;53;48;2;243;114;58m▎[38;2;203;88;55;48;2;244;116;63m▝[38;2;222;106;62;48;2;172;73;52m▃[38;2;242;133;71;48;2;184;80;53m▁[38;2;239;139;71;48;2;192;84;52m▂[38;2;210;98;54;48;2;245;141;73m▀[38;2;230;120;63;48;2;250;145;66m▔[38;2;242;152;70;48;2;249;148;64m▂[38;2;237;139;58;48;2;248;149;65m▗[38;2;235;179;106;48;2;240;147;71m▗[38;2;210;126;87;48;2;232;175;123m▂[38;2;125;51;35;48;2;221;159;119m▁[38;2;66;14;11;48;2;220;158;119m▂[38;2;74;19;12;48;2;220;159;119m▃[38;2;72;20;15;48;2;217;151;113m▃[38;2;101;29;23;48;2;210;151;113m▂[0m[38;2;184;126;96m▖[0m [38;2;0;0;0m      [0m
 [38;2;0;0;0m    [0m [7m[38;2;27;15;28m▏[0m[38;2;68;33;34;48;2;37;21;31m▔[38;2;92;46;35;48;2;158;87;68m▍[38;2;197;101;68;48;2;136;58;40m▆[38;2;157;71;49;48;2;190;98;72m▃[38;2;191;106;86;48;2;140;65;55m▁[38;2;119;55;55;48;2;103;44;48m▁[38;2;99;44;46;48;2;100;44;48m▕[38;2;98;42;50;48;2;100;43;46m▕[38;2;64;69;74;48;2;81;39;49m▔[38;2;109;142;144;48;2;60;46;56m▀[38;2;104;123;128;48;2;33;34;44m▋[38;2;37;24;38;48;2;21;12;26m▀[38;2;79;40;26;48;2;34;19;28m▕[38;2;162;87;52;48;2;234;142;77m▖[38;2;208;126;68;48;2;243;138;70m▔[38;2;243;123;66;48;2;211;117;70m▅[38;2;231;109;58;48;2;228;123;73m▗[38;2;218;105;58;48;2;223;124;77m▃[38;2;197;96;61;48;2;218;112;67m▁[38;2;237;129;70;48;2;209;96;55m▀[38;2;185;88;61;48;2;210;106;65m▕[38;2;187;92;69;48;2;111;44;37m▅[38;2;146;64;47;48;2;99;41;43m▖[38;2;96;43;51;48;2;128;57;56m▆[38;2;96;74;67;48;2;237;232;207m▍[38;2;251;247;218;48;2;252;247;214m▂[38;2;240;231;194;48;2;249;247;212m▝[38;2;242;243;215;48;2;239;233;193m▅[38;2;179;194;181;48;2;85;59;49m▍[38;2;197;109;68;48;2;248;141;70m▎[38;2;242;118;52;48;2;248;141;64m▔[38;2;240;122;58;48;2;250;146;65m▔[38;2;251;142;69;48;2;251;148;64m▔[38;2;250;148;68;48;2;252;148;64m▃[38;2;251;147;69;48;2;251;148;65m▃[38;2;228;133;60;48;2;247;144;65m▕[38;2;229;146;80;48;2;231;162;103m▍[38;2;162;83;46;48;2;228;141;76m▂[38;2;165;87;50;48;2;199;111;69m▖[38;2;125;57;38;48;2;226;137;74m▀[38;2;234;139;74;48;2;71;16;8m▅[38;2;241;145;75;48;2;76;23;18m▅[38;2;244;145;76;48;2;83;27;22m▅[38;2;241;142;77;48;2;85;27;18m▅[38;2;233;138;76;48;2;82;22;14m▅[0m[38;2;170;125;103m▊[0m [38;2;7;7;6m      [0m
 [38;2;0;0;0m     [38;2;23;19;22m▝[38;2;23;18;23;48;2;27;20;30m▏[38;2;36;14;13;48;2;25;11;25m▔[38;2;34;16;25;48;2;138;62;53m▃[38;2;113;50;39;48;2;189;97;69m▃[38;2;152;68;56;48;2;176;81;58m▆[38;2;147;73;64;48;2;125;56;54m▖[38;2;134;62;51;48;2;104;45;47m▂[38;2;135;65;61;48;2;105;46;50m▖[38;2;99;43;50;48;2;102;42;48m▁[38;2;107;94;103;48;2;90;48;52m▁[38;2;195;212;215;48;2;70;61;70m▅[38;2;131;141;146;48;2;38;27;38m▖[38;2;27;12;25;48;2;31;24;36m▂[38;2;206;120;80;48;2;57;33;29m▝[38;2;145;74;45;48;2;227;131;71m▁[38;2;242;131;67;48;2;220;101;52m▆[38;2;196;84;47;48;2;222;107;63m▁[38;2;176;74;49;48;2;234;120;81m▆[38;2;180;78;48;48;2;169;75;56m▔[38;2;161;72;52;48;2;200;90;61m▆[38;2;181;81;58;48;2;160;72;55m▘[38;2;144;64;55;48;2;157;70;55m▗[38;2;135;61;57;48;2;162;74;55m▂[38;2;145;65;59;48;2;102;38;36m▆[38;2;128;94;89;48;2;113;62;59m▕[38;2;85;54;57;48;2;193;200;183m▖[38;2;183;211;195;48;2;241;241;219m▖[38;2;219;223;200;48;2;242;245;219m▔[38;2;196;213;195;48;2;90;82;87m▊[38;2;92;46;38;48;2;209;112;61m▍[38;2;249;129;61;48;2;245;116;60m▘[38;2;252;141;68;48;2;248;120;59m▀[38;2;249;133;63;48;2;249;148;66m▂[38;2;250;142;67;48;2;251;146;68m▁[38;2;244;134;59;48;2;250;143;67m▂[38;2;231;115;58;48;2;247;137;66m▕[38;2;217;117;71;48;2;239;122;64m▔[38;2;192;104;53;48;2;242;123;65m▔[38;2;232;117;60;48;2;235;121;62m▕[38;2;247;114;63;48;2;217;112;58m▃[38;2;248;116;59;48;2;213;105;57m▃[38;2;237;107;57;48;2;207;102;56m▅[38;2;239;111;59;48;2;194;93;51m▆[38;2;240;112;57;48;2;183;83;44m▆[38;2;211;134;98;48;2;176;91;53m▆[0m[38;2;166;127;108m▘[0m [38;2;2;2;2m      [0m
 [38;2;0;0;0m    [0m [38;2;176;207;203m▆[38;2;154;178;180;48;2;176;213;211m▔[38;2;142;169;170;48;2;51;58;64m▊[0m[7m[38;2;23;14;25m▃[38;2;31;14;19m▁[38;2;69;32;35m▁[0m[38;2;22;15;23;48;2;100;47;47m▂[38;2;30;12;21;48;2;133;63;56m▅[38;2;30;14;27;48;2;93;42;48m▃[38;2;146;175;170;48;2;69;41;48m▗[38;2;126;131;135;48;2;203;231;230m▘[38;2;195;231;227;48;2;205;238;235m▂[38;2;170;196;195;48;2;193;227;223m▔[38;2;177;202;201;48;2;60;59;67m▅[38;2;72;76;82;48;2;26;15;27m▂[38;2;106;53;44;48;2;28;10;22m▝[38;2;60;21;26;48;2;197;101;69m▃[38;2;204;101;66;48;2;144;65;52m▀[38;2;191;92;69;48;2;163;70;52m▘[38;2;143;64;53;48;2;155;70;56m▝[38;2;150;73;61;48;2;132;60;53m▃[38;2;117;48;41;48;2;131;61;56m▁[38;2;112;51;51;48;2;128;61;60m▃[38;2;114;48;50;48;2;107;46;50m▔[38;2;123;61;61;48;2;103;44;48m▀[38;2;126;66;58;48;2;104;44;47m▀[38;2;92;65;65;48;2;87;45;47m▔[38;2;60;55;56;48;2;159;186;181m▖[38;2;165;203;193;48;2;217;231;216m▆[38;2;166;202;193;48;2;213;232;209m▆[38;2;154;189;192;48;2;95;82;81m▖[38;2;100;49;38;48;2;207;99;59m▃[38;2;201;94;71;48;2;239;110;57m▂[38;2;220;94;60;48;2;246;114;58m▁[38;2;243;115;67;48;2;246;118;56m▂[38;2;247;118;59;48;2;251;138;67m▅[38;2;246;119;57;48;2;252;139;68m▅[38;2;245;116;66;48;2;246;116;55m▂[38;2;235;109;65;48;2;247;115;59m▁[38;2;223;98;55m▃[38;2;215;95;55;48;2;244;114;63m▃[38;2;219;98;57;48;2;241;112;65m▆[38;2;227;105;62;48;2;215;93;54m▔[38;2;211;106;81;48;2;211;93;57m▁[38;2;106;82;62;48;2;202;115;83m▂[38;2;167;124;108;48;2;28;16;25m▘[0m[7m[38;2;25;18;22m▐[0m [38;2;1;1;1m      [0m
 [38;2;0;0;0m    [0m [38;2;141;173;168m▀[7m[38;2;144;180;177m▃[38;2;113;143;140m▅[0m[38;2;118;129;126m▗[38;2;190;221;216m▅[38;2;170;205;200m▅[38;2;183;216;213m▅[7m[38;2;166;197;192m▀[0m[38;2;136;159;155m▂[7m[38;2;174;198;195m▋[0m[38;2;201;234;231;48;2;177;220;216m▀[38;2;168;190;193;48;2;179;219;215m▁[38;2;97;109;115;48;2;181;218;215m▁[38;2;84;95;102;48;2;190;227;224m▁[38;2;163;184;184;48;2;51;56;61m▊[38;2;33;26;36;48;2;24;15;26m▅[38;2;32;23;37;48;2;30;14;27m▆[38;2;36;17;26;48;2;126;63;57m▅[38;2;149;69;60;48;2;34;13;18m▀[38;2;48;18;27;48;2;136;65;59m▂[38;2;69;24;37;48;2;138;62;55m▂[38;2;135;64;57;48;2;92;38;47m▀[38;2;66;26;36;48;2;102;46;52m▁[38;2;62;20;28;48;2;98;43;52m▂[38;2;98;40;49;48;2;76;28;35m▀[38;2;101;45;53;48;2;101;42;51m▎[38;2;98;42;48;48;2;101;42;49m▔[38;2;72;57;62;48;2;77;36;46m▔[38;2;59;50;56;48;2;158;191;188m▅[38;2;164;194;188;48;2;82;98;102m▀[38;2;88;113;114;48;2;150;188;180m▅[38;2;132;156;158;48;2;76;92;98m▘[38;2;90;47;46;48;2;89;108;112m▀[38;2;71;62;64;48;2;173;82;62m▅[38;2;192;89;59;48;2;70;47;52m▀[38;2;59;32;40;48;2;195;91;57m▃[38;2;44;18;29;48;2;191;88;55m▂[38;2;51;21;27;48;2;194;88;58m▂[38;2;46;17;22;48;2;193;87;59m▂[38;2;46;24;32;48;2;187;84;60m▂[38;2;64;44;50;48;2;189;85;60m▃[38;2;185;86;58;48;2;67;51;56m▀[38;2;126;137;138;48;2;115;61;53m▂[38;2;140;126;124;48;2;107;71;66m▖[38;2;73;56;68;48;2;31;18;29m▘[0m[7m[38;2;22;14;24m▗[0m[38;2;22;21;19m▔       [0m
 [38;2;0;0;0m      [0m  [38;2;117;133;131m▂[7m[38;2;162;188;186m▅[0m[38;2;166;199;195m▀[7m[38;2;157;192;188m▂[0m[38;2;176;213;212;48;2;158;198;194m▁[38;2;152;191;188;48;2;183;213;214m▊[38;2;105;121;120;48;2;169;205;204m▔[38;2;150;186;185;48;2;64;77;83m▋[38;2;79;88;95;48;2;21;15;27m▔[38;2;28;9;19;48;2;22;11;24m▂[38;2;94;44;44;48;2;37;15;26m▗[38;2;118;55;50;48;2;60;28;38m▅[38;2;119;60;57;48;2;50;21;32m▆[38;2;105;53;54;48;2;41;16;25m▅[38;2;62;21;33;48;2;28;12;25m▃[38;2;60;22;33;48;2;26;11;22m▂[38;2;67;26;39;48;2;26;11;24m▃[38;2;28;12;26;48;2;72;28;41m▀[38;2;75;27;38;48;2;39;12;25m▅[38;2;75;27;37;48;2;48;15;23m▆[38;2;64;27;34;48;2;75;28;37m▔[38;2;100;57;64;48;2;84;37;44m▗[38;2;87;66;69;48;2;99;43;51m▁[38;2;87;48;53;48;2;100;43;50m▁[38;2;92;37;44m▗[38;2;82;29;36;48;2;92;38;45m▂[38;2;89;39;45;48;2;64;33;39m▂[38;2;67;34;40;48;2;81;89;94m▅[38;2;59;33;42;48;2;85;92;100m▃[38;2;52;42;51;48;2;83;99;106m▂[38;2;73;77;83;48;2;83;100;107m▁[38;2;85;102;104;48;2;82;98;105m▂[38;2;79;83;94;48;2;83;100;104m▔[38;2;56;57;68m▔[38;2;51;57;63;48;2;83;100;105m▔[38;2;65;71;77m▔[38;2;143;145;149;48;2;84;100;106m▁[38;2;126;110;113;48;2;87;105;108m▃[38;2;126;124;129;48;2;109;84;86m▝[38;2;96;48;52;48;2;139;118;125m▆[38;2;21;10;17;48;2;58;29;37m▕[0m[38;2;21;13;19m▀[0m [38;2;12;10;13m        [0m
 [38;2;0;0;0m     [38;2;131;158;153m▗[38;2;144;179;176m▖[0m [7m[38;2;127;138;137m▆[0m [38;2;166;191;186m▗[38;2;109;124;123;48;2;165;199;193m▔[38;2;171;209;205;48;2;197;235;233m▆[38;2;200;233;234;48;2;208;238;238m▔[38;2;145;186;184;48;2;197;232;229m▝[38;2;137;170;172;48;2;38;41;51m▋[38;2;24;11;24;48;2;21;12;24m▅[38;2;35;15;26;48;2;93;45;46m▋[38;2;85;30;37;48;2;126;62;63m▃[38;2;97;38;45;48;2;130;62;60m▆[38;2;113;56;55;48;2;93;38;41m▃[38;2;117;57;55;48;2;85;30;31m▆[38;2;129;64;57;48;2;94;41;43m▆[38;2;117;57;53;48;2;82;33;41m▆[38;2;88;32;42;48;2;114;55;56m▀[38;2;96;40;48;48;2;85;32;44m▆[38;2;80;29;37;48;2;93;40;46m▀[38;2;104;49;55;48;2;86;35;42m▂[38;2;99;45;53;48;2;82;33;38m▖[38;2;114;117;114;48;2;78;45;49m▂[38;2;144;160;155;48;2;80;74;79m▁[38;2;61;63;68;48;2;90;83;90m▂[38;2;37;35;43;48;2;92;67;74m▁[38;2;79;71;77;48;2;95;46;53m▂[38;2;92;34;44;48;2;92;54;58m▀[38;2;86;32;41;48;2;96;46;53m▀[38;2;95;40;48;48;2;96;42;49m▁[38;2;69;36;47;48;2;94;41;49m▔[38;2;42;25;29;48;2;83;39;49m▁[0m[7m[38;2;73;44;51m▁[38;2;69;49;55m▁[38;2;70;55;64m▃[0m[38;2;67;61;69m▀[38;2;93;86;94m▀[7m[38;2;87;54;60m▂[0m[38;2;24;10;16;48;2;96;48;53m▂[38;2;25;11;21;48;2;98;50;51m▃[0m[7m[38;2;49;26;31m▂[0m[38;2;21;13;22m▀[0m [38;2;9;9;9m         [0m
 [38;2;0;0;0m     [0m  [38;2;118;131;126m▝[0m [38;2;189;216;213m▗[38;2;179;207;204;48;2;193;225;222m▔[38;2;187;224;219;48;2;171;207;203m▆[38;2;134;174;171;48;2;191;223;221m▅[38;2;108;153;153;48;2;173;210;210m▗[38;2;117;161;164;48;2;199;234;236m▆[38;2;119;155;158;48;2;40;46;54m▋[38;2;18;11;22;48;2;21;13;22m▏[38;2;31;13;24;48;2;80;41;44m▊[38;2;102;47;51;48;2;117;53;55m▖[38;2;151;72;65;48;2;114;55;50m▃[38;2;120;55;50;48;2;136;65;59m▔[38;2;122;58;50;48;2;136;65;58m▃[38;2;129;62;54;48;2;134;66;59m▞[38;2;113;53;51;48;2;126;65;62m▗[38;2;101;42;43;48;2;115;56;56m▞[38;2;110;52;55;48;2;104;46;51m▎[38;2;117;57;56;48;2;99;46;47m▗[38;2;103;48;51;48;2;122;58;59m▗[38;2;143;151;153;48;2;74;41;46m▗[38;2;122;137;136;48;2;161;197;190m▏[38;2;151;192;191;48;2;164;201;197m▁[38;2;153;196;192;48;2;166;200;199m▂[38;2;123;138;142;48;2;197;228;227m▔[38;2;63;59;66;48;2;152;171;174m▗[38;2;98;93;99;48;2;64;26;36m▘[38;2;73;29;39;48;2;54;20;31m▆[38;2;77;27;41;48;2;58;17;30m▆[38;2;48;14;20;48;2;71;30;37m▔[0m[7m[38;2;114;113;116m▝[0m[38;2;141;161;159m▂[38;2;100;111;110m▋[0m [7m[38;2;99;109;106m▀[0m    [38;2;4;4;4m            [0m
 [38;2;0;0;0m     [38;2;116;143;140m▗[38;2;171;210;202m▆[7m[38;2;151;188;181m▔[0m[38;2;156;197;191m▅[38;2;102;128;125;48;2;165;200;197m▎[38;2;176;217;213;48;2;189;224;221m▗[38;2;173;214;210;48;2;178;219;214m▕[38;2;178;212;212;48;2;140;180;179m▅[38;2;138;173;176;48;2;100;133;136m▘[38;2;94;126;131;48;2;112;153;157m▗[38;2;95;119;123;48;2;62;65;74m▊[38;2;30;25;36;48;2;23;12;25m▏[38;2;31;12;18;48;2;24;11;22m▕[38;2;30;13;24;48;2;123;64;64m▆[38;2;46;20;28;48;2;117;55;55m▅[38;2;80;40;40;48;2;120;60;60m▁[38;2;125;65;57;48;2;130;66;59m▔[38;2;125;65;60;48;2;108;50;48m▀[38;2;117;57;55;48;2;108;48;46m▅[38;2;102;44;46;48;2;117;58;59m▞[38;2;103;43;45;48;2;120;60;56m▘[38;2;68;29;36;48;2;118;59;56m▂[38;2;105;127;130;48;2;70;43;49m▗[38;2;112;133;136;48;2;154;191;191m▏[38;2;120;164;165;48;2;142;188;186m▃[38;2;152;192;193;48;2;135;180;180m▘[38;2;156;196;196;48;2;143;187;186m▕[38;2;53;61;68;48;2;178;204;207m▗[38;2;55;43;53;48;2;42;17;30m▔[38;2;88;38;47;48;2;84;31;36m▊[38;2;88;38;42;48;2;78;28;33m▖[38;2;89;36;45;48;2;80;28;38m▃[38;2;85;33;39;48;2;92;38;45m▎[38;2;68;40;46;48;2;177;188;188m▋[38;2;180;208;207;48;2;206;235;233m▕[0m[38;2;153;174;173m▂[38;2;138;155;153m▞[0m  [38;2;191;217;213m▗[7m[38;2;164;183;181m▀[0m [38;2;172;198;193m▃[0m [38;2;35;39;38m          [0m
 [38;2;0;0;0m  [0m [7m[38;2;99;122;120m▍[0m[38;2;113;148;143m▅[0m [7m[38;2;144;180;175m▃[0m[38;2;115;152;151;48;2;161;201;194m▂[38;2;109;158;156;48;2;158;199;194m▂[38;2;145;186;182;48;2;113;153;153m▘[38;2;85;111;113;48;2;166;199;198m▆[38;2;82;101;106;48;2;168;200;199m▆[38;2;152;180;180;48;2;87;107;111m▀[38;2;83;107;110;48;2;82;101;106m▔[38;2;78;94;101;48;2;90;114;119m▆[38;2;76;92;101;48;2;84;99;105m▖[38;2;24;17;30;48;2;75;80;90m▝[38;2;48;52;61;48;2;23;13;26m▁[38;2;21;14;26;48;2;23;11;22m▂[38;2;24;10;24;48;2;21;13;21m▅[38;2;44;20;20;48;2;24;12;24m▔[38;2;29;12;22;48;2;91;50;49m▅[38;2;110;57;63;48;2;25;12;21m▀[38;2;94;44;49;48;2;24;11;22m▀[38;2;33;12;21;48;2;116;63;64m▅[38;2;28;18;27;48;2;87;41;45m▆[38;2;42;34;43;48;2;84;104;110m▀[38;2;122;163;165;48;2;79;105;108m▃[38;2;127;170;171;48;2;109;150;152m▔[38;2;105;141;147;48;2;87;119;124m▂[38;2;103;139;143;48;2;124;167;169m▍[38;2;179;224;224;48;2;126;172;174m▝[38;2;49;65;70;48;2;128;165;167m▝[38;2;74;87;94;48;2;34;17;28m▂[38;2;39;17;23;48;2;86;39;47m▖[38;2;82;28;38;48;2;92;38;46m▝[38;2;87;36;44;48;2;96;43;48m▘[38;2;57;25;34;48;2;94;43;49m▗[38;2;55;43;50;48;2;194;216;217m▋[38;2;207;238;236;48;2;184;222;218m▘[38;2;151;198;193;48;2;175;214;210m▗[0m[7m[38;2;152;178;176m▐[0m[38;2;12;13;13m [7m[38;2;113;123;120m▊[38;2;181;210;206m▁[38;2;180;210;209m▁[38;2;169;202;199m▃[38;2;165;198;193m▃[0m [38;2;52;59;58m          [0m
 [38;2;0;0;0m    [0m   [38;2;71;82;80m▖[7m[38;2;97;124;123m▆[38;2;104;134;135m▅[38;2;94;126;127m▖[0m[38;2;127;168;167;48;2;61;85;89m▁[38;2;78;97;103;48;2;59;83;87m▝[38;2;70;90;96;48;2;81;99;106m▁[38;2;52;60;69;48;2;65;78;86m▗[38;2;45;51;63;48;2;65;82;92m▃[38;2;50;61;70;48;2;80;97;104m▃[38;2;70;86;91;48;2;81;98;102m▁[38;2;35;37;47;48;2;81;97;102m▔[38;2;81;93;100;48;2;35;35;45m▆[38;2;77;89;97;48;2;23;18;29m▅[38;2;66;77;86;48;2;24;17;30m▃[38;2;43;45;56;48;2;22;11;25m▃[38;2;46;50;60;48;2;21;11;25m▃[38;2;67;78;86;48;2;32;29;40m▗[38;2;52;58;65;48;2;62;80;85m▔[38;2;121;161;161;48;2;79;108;111m▝[38;2;108;152;154;48;2;126;175;175m▅[38;2;75;100;110;48;2;105;144;149m▗[38;2;70;102;109;48;2;58;80;91m▔[38;2;75;101;110;48;2;101;139;144m▆[38;2;75;98;106;48;2;107;148;152m▃[38;2;90;119;122;48;2;111;151;152m▃[38;2;80;105;108;48;2;111;135;139m▆[38;2;91;117;121;48;2;46;49;57m▆[38;2;39;31;40;48;2;107;139;142m▀[38;2;111;145;148;48;2;40;27;36m▃[38;2;114;149;151;48;2;29;23;32m▃[38;2;114;135;139;48;2;176;210;210m▏[38;2;156;201;193;48;2;175;214;211m▖[38;2;164;203;203;48;2;125;173;169m▎[0m[7m[38;2;126;151;148m▝[0m[38;2;165;200;195m▂[38;2;161;177;174m▀[0m [38;2;112;143;140m▃[7m[38;2;130;167;167m▀[0m   [38;2;103;129;129m▃[0m [38;2;45;55;54m       [0m
 [38;2;0;0;0m    [0m  [7m[38;2;151;181;175m▀[0m[38;2;162;199;194m▅[7m[38;2;156;192;191m▀[0m[38;2;130;167;167m▅[38;2;90;113;113;48;2;71;91;98m▔[38;2;56;65;76;48;2;136;178;181m▅[38;2;128;166;169;48;2;81;104;109m▀[38;2;108;135;140;48;2;83;102;109m▍[38;2;72;86;94;48;2;49;56;67m▖[38;2;54;63;72;48;2;47;55;65m▗[38;2;62;71;80;48;2;43;52;61m▁[38;2;49;58;67;48;2;66;82;90m▍[38;2;74;92;101;48;2;50;63;74m▍[38;2;39;51;62;48;2;43;50;63m▂[38;2;42;51;63;48;2;63;77;88m▍[38;2;62;80;90;48;2;70;90;99m▃[38;2;69;84;95;48;2;45;54;66m▅[38;2;62;79;89;48;2;50;58;70m▃[38;2;63;75;87;48;2;49;58;71m▁[38;2;52;66;77;48;2;65;83;92m▖[38;2;64;84;93;48;2;60;79;88m▃[38;2;80;104;111;48;2;61;81;90m▔[38;2;72;90;100;48;2;62;83;92m▗[38;2;63;80;90;48;2;80;98;107m▀[38;2;80;107;114;48;2;62;78;88m▝[38;2;61;79;89;48;2;39;34;48m▀[38;2;80;99;105;48;2;52;52;64m▀[38;2;50;61;71;48;2;80;103;105m▃[38;2;87;106;112;48;2;56;65;74m▀[38;2;57;72;79;48;2;97;125;127m▆[38;2;102;134;135;48;2;110;151;152m▎[38;2;133;179;179;48;2;109;151;153m▝[38;2;111;152;153;48;2;136;182;182m▅[38;2;151;192;191;48;2;130;172;170m▞[38;2;119;161;159;48;2;157;199;197m▘[38;2;119;165;164;48;2;166;207;207m▅[38;2;135;181;180;48;2;108;155;156m▔[38;2;120;163;162;48;2;152;195;193m▅[38;2;159;199;198;48;2;141;183;181m▊[38;2;115;143;140;48;2;140;190;184m▁[0m[7m[38;2;127;167;166m▃[0m  [7m[38;2;128;163;161m▏[0m[38;2;73;89;88;48;2;122;162;160m▁[0m[38;2;103;131;130m▘       [0m
 [38;2;0;0;0m     [0m [7m[38;2;151;186;182m▂[0m[38;2;106;137;135;48;2;165;203;197m▁[38;2;134;172;170;48;2;162;203;197m▁[38;2;140;185;179;48;2;110;155;154m▍[38;2;77;99;106;48;2;105;141;146m▐[38;2;80;95;101;48;2;46;60;67m▆[38;2;64;75;83;48;2;98;116;120m▂[38;2;54;64;73;48;2;83;101;105m▂[38;2;46;53;62;48;2;78;95;99m▂[38;2;57;67;75;48;2;49;58;66m▎[38;2;55;64;72;48;2;47;56;65m▔[38;2;57;68;78m▔[38;2;50;60;69;48;2;64;85;94m▆[38;2;68;85;94;48;2;50;62;70m▘[38;2;54;66;78;48;2;46;56;67m▗[38;2;47;59;71;48;2;57;73;83m▖[38;2;61;79;89;48;2;59;79;88m▊[38;2;58;81;88;48;2;64;86;94m▆[38;2;58;75;85;48;2;67;84;94m▂[38;2;66;82;92;48;2;61;77;87m▀[38;2;66;84;94;48;2;62;81;91m▗[38;2;67;87;96;48;2;60;80;89m▔[38;2;45;58;69;48;2;59;77;87m▗[38;2;43;55;66;48;2;58;77;86m▖[38;2;40;36;52;48;2;64;75;87m▐[38;2;50;59;68;48;2;38;29;43m▁[38;2;64;79;86;48;2;49;49;61m▃[38;2;47;58;69;48;2;63;83;89m▘[38;2;55;67;75;48;2;64;83;92m▔[38;2;85;111;118;48;2;67;86;94m▁[38;2;98;127;131;48;2;66;88;96m▔[38;2;70;92;101;48;2;78;101;109m▋[38;2;80;100;109;48;2;68;91;98m▂[38;2;78;106;109;48;2;112;149;149m▊[38;2;142;184;183;48;2;112;158;157m▘[38;2;99;139;143;48;2;108;154;155m▁[38;2;133;177;178;48;2;111;156;157m▗[38;2;157;199;199;48;2;133;176;176m▝[0m[7m[38;2;119;149;149m▐[0m      [38;2;23;26;26m        [0m
 [38;2;0;0;0m     [0m [7m[38;2;70;89;88m▃[38;2;77;97;100m▂[0m[38;2;70;89;95;48;2;104;136;138m▆[38;2;100;132;133;48;2;74;95;101m▔[38;2;76;97;100;48;2;53;72;77m▆[38;2;66;82;91;48;2;43;51;62m▅[38;2;56;71;82m▅[38;2;61;73;84;48;2;42;49;60m▅[38;2;51;57;70;48;2;44;49;62m▖[38;2;53;61;72;48;2;44;52;62m▕[38;2;51;60;69;48;2;46;55;66m▘[38;2;51;59;70;48;2;45;54;64m▗[38;2;54;62;72;48;2;46;54;63m▞[38;2;37;42;53;48;2;51;59;68m▆[38;2;43;54;66;48;2;41;48;59m▝[38;2;54;64;74;48;2;60;74;84m▖[38;2;49;67;77;48;2;57;75;83m▘[38;2;44;53;63;48;2;59;73;83m▗[38;2;52;64;76;48;2;42;51;62m▘[38;2;48;59;71;48;2;41;50;62m▔[38;2;42;53;64;48;2;60;76;86m▆[38;2;44;54;64;48;2;63;80;90m▃[38;2;59;71;80;48;2;45;55;66m▖[38;2;47;53;65;48;2;57;71;81m▋[38;2;54;67;76;48;2;61;78;87m▁[38;2;59;72;83;48;2;59;77;86m▁[38;2;55;65;77;48;2;63;80;89m▁[38;2;69;90;97;48;2;44;54;66m▀[38;2;54;67;77;48;2;79;104;111m▆[38;2;50;65;73;48;2;60;80;89m▁[38;2;57;79;87;48;2;59;80;89m▔[38;2;60;81;92;48;2;59;79;89m▁[38;2;57;80;91;48;2;60;79;88m▃[38;2;81;105;111;48;2;70;93;99m▕[38;2;56;81;88;48;2;95;125;130m▂[38;2;60;84;92;48;2;103;141;145m▂[38;2;67;93;103;48;2;141;183;184m▃[38;2;70;106;112;48;2;138;182;183m▃[38;2;68;89;92;48;2;121;166;166m▁[0m[7m[38;2;122;162;159m▂[0m[38;2;128;157;153m▘[38;2;90;117;114m▝[38;2;104;135;133m▘          [0m
 [38;2;0;0;0m       [0m   [7m[38;2;42;51;53m▋[38;2;59;79;84m▂[38;2;55;75;82m▁[38;2;56;74;83m▁[38;2;53;67;77m▁[38;2;46;54;63m▁[38;2;42;50;58m▁[38;2;41;49;59m▂[38;2;42;48;61m▂[38;2;41;47;59m▂[38;2;43;47;60m▃[38;2;42;48;59m▃[38;2;41;50;60m▃[0m[38;2;43;49;61m▀[7m[38;2;39;44;55m▃[38;2;43;48;61m▃[38;2;42;47;59m▂▂[38;2;44;49;62m▃[0m[38;2;44;50;62m▀[7m[38;2;41;48;60m▅[38;2;46;57;65m▆[38;2;39;46;54m▆[38;2;44;49;58m▆[38;2;39;44;50m▅[38;2;36;44;50m▅[38;2;43;56;62m▅[38;2;54;69;76m▅[38;2;56;71;79m▅[38;2;58;77;84m▅[38;2;60;79;87m▅[38;2;58;78;85m▅[38;2;57;78;83m▅[38;2;55;76;82m▆[0m [38;2;38;46;48m              [0m
 [38;2;0;0;0m                                                           [0m
 [38;2;0;0;0m                                                           [0m
[?25h